ZDIST 23
VFAT 0 -3.0552 -8.70709 0.609334 -54.1383 -59.5172 -47.5292 
VFAT 1 -1.0884 -8.03613 6.62547 -40.6706 -49.7953 -31.9156 
VFAT 2 3.9098 -9.84647 9.00875 -29.5136 -37.5021 -18.3752 
VFAT 3 -0.78662 -9.58856 7.9227 -17.923 -26.244 -9.46901 
VFAT 4 -0.102894 -9.61256 9.12302 -2.685 -12.5565 6.70021 
VFAT 5 0.350672 -10.115 9.72024 13.2017 2.66814 22.6724 
VFAT 6 0.219455 -10.6741 10.9939 29.9393 19.0909 41.609 
VFAT 7 3.68225 -8.92994 12.8306 48.3137 37.969 58.6256 
VFAT 8 -3.0552 -8.70709 0.609334 -54.1383 -59.5172 -47.5292 
VFAT 9 -1.0884 -8.03613 6.62547 -40.6706 -49.7953 -31.9156 
VFAT 10 3.9098 -9.84647 9.00875 -29.5136 -37.5021 -18.3752 
VFAT 11 -0.78662 -9.58856 7.9227 -17.923 -26.244 -9.46901 
VFAT 12 -0.102894 -9.61256 9.12302 -2.685 -12.5565 6.70021 
VFAT 13 0.350672 -10.115 9.72024 13.2017 2.66814 22.6724 
VFAT 14 0.219455 -10.6741 10.9939 29.9393 19.0909 41.609 
VFAT 15 3.68225 -8.92994 12.8306 48.3137 37.969 58.6256 
VFAT 16 -3.0552 -8.70709 0.609334 -54.1383 -59.5172 -47.5292 
VFAT 17 -1.0884 -8.03613 6.62547 -40.6706 -49.7953 -31.9156 
VFAT 18 3.9098 -9.84647 9.00875 -29.5136 -37.5021 -18.3752 
VFAT 19 -0.78662 -9.58856 7.9227 -17.923 -26.244 -9.46901 
VFAT 20 -0.102894 -9.61256 9.12302 -2.685 -12.5565 6.70021 
VFAT 21 0.350672 -10.115 9.72024 13.2017 2.66814 22.6724 
VFAT 22 0.219455 -10.6741 10.9939 29.9393 19.0909 41.609 
VFAT 23 3.68225 -8.92994 12.8306 48.3137 37.969 58.6256 
